Rang=4 nbp=6
Echantillons_locaux=16666666
Points_dans_le_cercle=13092649
Pi_local=3.1422358856894355
Temps_local(s)=0.463195
