Rang=5 nbp=6
Echantillons_locaux=16666666
Points_dans_le_cercle=13089993
Pi_local=3.1415984456639379
Temps_local(s)=0.46319
